Sample Input 1
5
1 5 4 2 0
Sample Output 1
Sorted Array
0 
1 
2 
4 
5

Sample Input 2
100
993	287	446	602	632
511	138	957	799	331
617	184	491	586	138
524	622	26	23	699
303	656	15	937	531
197	228	618	233	467
327	559	66	400	853
567	211	5	398	725
550	220	5	187	388
788	494	768	501	413
240	700	211	368	614
985	358	189	558	542
991	684	183	463	328
970	798	103	703	200
240	194	961	319	915
823	446	842	188	785
986	267	648	927	607
132	469	566	464	643
664	428	198	345	1
819	924	272	289	492

Sample Output
Sorted Array
1
5
5
15
23
26
66
103
132
138
138
183
184
187
188
189
194
197
198
200
211
211
220
228
233
240
240
267
272
287
289
303
319
327
328
331
345
358
368
388
398
400
413
428
446
446
463
464
467
469
491
492
494
501
511
524
531
542
550
558
559
566
567
586
602
607
614
617
618
622
632
643
648
656
664
684
699
700
703
725
768
785
788
798
799
819
823
842
853
915
924
927
937
957
961
970
985
986
991
993